6.09E-04
0.00121748
0.001824365
0.002429026
10
0.003628736
0.004222321
0.004810761
0.005393338
0.005969342
0.006538072
0.007098834
0.007650945
0.008193733
0.008726535
0.009248704
0.009759602
0.010258608
0.010745113
-15
0.011678267
0.012123779
0.012554518
0.01296996
0.013369599
0.013752949
0.014119541
0.01446893
0.014800691
0.015114419
0.015409733
0.015686272
0.015943701
0.016181705
0.016399995
0.016598305
0.016776395
0.016934046
0.017071067
0.017187291
0.017282578
0.01735681
0.017409898
0.017441776
0.017452406
0.017441776
0.017409898
0.01735681
0.017282578
0.017187291
0.017071067
0.016934046
0.016776395
0.016598305
0.016399995
0.016181705
0.015943701
0.015686272
0.015409733
0.015114419
0.014800691
0.01446893
0.014119541
0.013752949
0.013369599
0.01296996
0.012554518
0.012123779
0.011678267
0.011218525
0.010745113
0.010258608
0.009759602
0.009248704
0.008726535
0.008193733
0.007650945
0.007098834
0.006538072
0.005969342
0.005393338
0.004810761
0.004222321
0.003628736
0.003030728
0.002429026
0.001824365
0.00121748
6.09E-04
2.14E-18
-6.09E-04
-0.00121748
-0.001824365
-0.002429026
-0.003030728
-0.003628736
-0.004222321
-0.004810761
-0.005393338
5
-0.006538072
-0.007098834
-0.007650945
-0.008193733
-0.008726535
-0.009248704
-0.009759602
-0.010258608
-0.010745113
-0.011218525
-0.011678267
-0.012123779
-0.012554518
-0.01296996
-0.013369599
-0.013752949
-0.014119541
-0.01446893
-0.014800691
-0.015114419
-0.015409733
-0.015686272
-0.015943701
-0.016181705
-0.016399995
-0.016598305
-0.016776395
-0.016934046
-0.017071067
-0.017187291
-0.017282578
-0.01735681
-0.017409898
-0.017441776
-0.017452406
-0.017441776
-0.017409898
-0.01735681
-0.017282578
-0.017187291
-0.017071067
-0.016934046
-0.016776395
-0.016598305
-0.016399995
-0.016181705
-0.015943701
-0.015686272
-0.015409733
-0.015114419
-0.014800691
-0.01446893
-0.014119541
-0.013752949
-0.013369599
-0.01296996
-0.012554518
-0.012123779
-0.011678267
-0.011218525
-0.010745113
-0.010258608
-0.009759602
-0.009248704
-0.008726535
-0.008193733
-0.007650945
-0.007098834
-0.006538072
-0.005969342
-0.005393338
-0.004810761
-0.004222321
-0.003628736
-0.003030728
-0.002429026
-0.001824365
-0.00121748
-6.09E-04
-4.27E-18
