0.0
0.0030307278006606064
0.005969342157633619
0.008726535498373933
0.011218524848258112
0.013369599422835134
0.015114419172190443
0.01639999494376356
0.017187291480513275
0.01745240643728351
0.017187291480513275
0.016399994943763565
0.015114419172190446
0.013369599422835134
0.011218524848258115
0.008726535498373933
0.005969342157633621
0.0030307278006606133
2.1374118819130998E-18
-0.003030727800660609
-0.005969342157633618
-0.008726535498373936
-0.011218524848258112
-0.013369599422835133
-0.015114419172190441
-0.016399994943763558
-0.017187291480513275
-0.01745240643728351
-0.017187291480513275
-0.01639999494376356
-0.015114419172190443
-0.013369599422835138
-0.011218524848258117
-0.008726535498373942
-0.005969342157633631
-0.0030307278006606072
-4.2748237638261996E-18
0.0
0.0030307278006606064
0.005969342157633619
0.008726535498373933
0.011218524848258112
0.013369599422835134
0.015114419172190443
0.01639999494376356
0.017187291480513275
0.01745240643728351
0.017187291480513275
0.016399994943763565
0.015114419172190446
0.013369599422835134
0.011218524848258115
0.008726535498373933
0.005969342157633621
0.0030307278006606133
2.1374118819130998E-18
-0.003030727800660609
-0.005969342157633618
-0.008726535498373936
-0.011218524848258112
-0.013369599422835133
-0.015114419172190441
-0.016399994943763558
-0.017187291480513275
-0.01745240643728351
-0.017187291480513275
-0.01639999494376356
-0.015114419172190443
-0.013369599422835138
-0.011218524848258117
-0.008726535498373942
-0.005969342157633631
-0.0030307278006606072
-4.2748237638261996E-18
